日水位年表検索結果
水系名,信濃川
河川名,信濃川下流
観測所名,西港
観測所記号,304031284401120
#
#月,1日データ,1日フラグ,,,,,,,,31日データ,31日フラグ,月平均データ,月平均フラグ
#  フラグの意味： $:欠測, -:未登録
#
,1日,,2日,,3日,,4日,,5日,,6日,,7日,,8日,,9日,,10日,,11日,,12日,,13日,,14日,,15日,,16日,,17日,,18日,,19日,,20日,,21日,,22日,,23日,,24日,,25日,,26日,,27日,,28日,,29日,,30日,,31日,
2020年
1月,    0.66, ,    0.66, ,    0.67, ,    0.72, ,    0.72, ,    0.66, ,    0.72, ,    0.90, ,    0.82, ,    0.71, ,    0.76, ,    0.78, ,    0.75, ,    0.70, ,    0.67, ,    0.61, ,    0.57, ,    0.58, ,    0.58, ,    0.68, ,    0.63, ,    0.53, ,    0.60, ,    0.56, ,    0.44, ,    0.45, ,    0.40, ,    0.42, ,    0.64, ,    0.78, ,    0.81, 
2月,    0.72, ,    0.63, ,    0.64, ,    0.62, ,    0.73, ,    0.61, ,    0.56, ,    0.65, ,    0.61, ,    0.68, ,    0.57, ,    0.52, ,    0.65, ,    0.63, ,    0.59, ,    0.71, ,    0.85, ,    0.76, ,    0.64, ,    0.57, ,    0.47, ,    0.55, ,    0.65, ,    0.58, ,    0.60, ,    0.56, ,    0.53, ,    0.49, ,    0.55, 
3月,    0.57, ,    0.61, ,    0.59, ,    0.55, ,    0.70, ,    0.61, ,    0.58, ,    0.54, ,    0.52, ,    0.62, ,    0.70, ,    0.55, ,    0.54, ,    0.51, ,    0.63, ,    0.65, ,    0.56, ,    0.63, ,    0.60, ,    0.73, ,    0.69, ,    0.74, ,    0.65, ,    0.62, ,    0.52, ,    0.52, ,    0.60, ,    0.53, ,    0.42, ,    0.43, ,    0.45, 
4月,    0.58, ,    0.59, ,    0.53, ,    0.59, ,    0.60, ,    0.62, ,    0.62, ,    0.62, ,    0.56, ,    0.55, ,    0.56, ,    0.58, ,    0.55, ,    0.55, ,    0.60, ,    0.51, ,    0.42, ,    0.56, ,    0.56, ,    0.55, ,    0.60, ,    0.59, ,    0.60, ,    0.60, ,    0.66, ,    0.69, ,    0.58, ,    0.55, ,    0.58, ,    0.53, 
5月,    0.54, ,    0.54, ,    0.56, ,    0.63, ,    0.59, ,    0.56, ,    0.47, ,    0.44, ,    0.52, ,    0.64, ,    0.70, ,    0.74, ,    0.73, ,    0.63, ,    0.63, ,    0.68, ,    0.71, ,    0.69, ,    0.76, ,    0.76, ,    0.62, ,    0.58, ,    0.62, ,    0.67, ,    0.71, ,    0.69, ,    0.73, ,    0.72, ,    0.69, ,    0.60, ,    0.57, 
6月,    0.63, ,    0.68, ,    0.75, ,    0.81, ,    0.84, ,    0.77, ,    0.73, ,    0.70, ,    0.67, ,    0.66, ,    0.71, ,    0.75, ,    0.75, ,    0.78, ,    0.82, ,    0.84, ,    0.79, ,    0.80, ,    0.82, ,    0.74, ,    0.70, ,    0.74, ,    0.74, ,    0.74, ,    0.78, ,    0.82, ,    0.83, ,    0.83, ,    0.79, ,    0.82, 
7月,    0.84, ,    0.78, ,    0.74, ,    0.79, ,    0.82, ,    0.82, ,    0.83, ,    0.83, ,    0.80, ,    0.78, ,    0.84, ,    0.84, ,    0.80, ,    0.85, ,    0.85, ,    0.82, ,    0.79, ,    0.79, ,    0.77, ,    0.76, ,    0.82, ,    0.81, ,    0.80, ,    0.79, ,    0.79, ,    0.74, ,    0.71, ,    0.78, ,    0.76, ,    0.75, ,    0.78, 
8月,    0.78, ,    0.77, ,    0.78, ,    0.80, ,    0.78, ,    0.77, ,    0.84, ,    0.85, ,    0.83, ,    0.81, ,    0.83, ,    0.80, ,    0.82, ,    0.85, ,    0.91, ,    0.90, ,    0.90, ,    0.89, ,    0.87, ,    0.87, ,    0.85, ,    0.82, ,    0.86, ,    0.91, ,    0.91, ,    0.93, ,    0.92, ,    0.92, ,    0.95, ,    0.98, ,    0.95, 
9月,    0.88, ,    0.88, ,    0.99, ,    0.96, ,    0.82, ,    0.78, ,    0.72, ,    0.92, ,    0.83, ,    0.84, ,    0.87, ,    0.88, ,    0.88, ,    0.88, ,    0.86, ,    0.82, ,    0.82, ,    0.83, ,    0.80, ,    0.82, ,    0.83, ,    0.80, ,    0.78, ,    0.76, ,    0.80, ,    0.81, ,    0.82, ,    0.78, ,    0.80, ,    0.81, 
10月,    0.78, ,    0.76, ,    0.77, ,    0.82, ,    0.91, ,    0.86, ,    0.76, ,    0.63, ,-9999.00,$,    0.68, ,    0.76, ,    0.82, ,    0.86, ,    0.87, ,    0.82, ,    0.75, ,    0.71, ,    0.69, ,    0.74, ,    0.76, ,    0.78, ,    0.85, ,    0.94, ,    0.96, ,    0.97, ,    0.99, ,    0.93, ,    0.93, ,    0.90, ,    0.86, ,    0.75, 
11月,    0.76, ,    0.84, ,    0.92, ,    0.92, ,    0.83, ,    0.81, ,    0.88, ,    0.91, ,    0.85, ,    0.83, ,    0.72, ,    0.59, ,    0.60, ,    0.58, ,    0.56, ,    0.66, ,    0.63, ,    0.68, ,    0.77, ,    0.94, ,    0.81, ,    0.74, ,    0.72, ,    0.61, ,    0.59, ,    0.61, ,    0.61, ,    0.67, ,    0.61, ,    0.63, 
12月,    0.60, ,    0.60, ,    0.69, ,    0.65, ,    0.66, ,    0.66, ,    0.74, ,    0.75, ,    0.70, ,    0.73, ,    0.76, ,    0.83, ,    0.84, ,    0.87, ,    0.84, ,    0.87, ,    0.85, ,    0.82, ,    0.83, ,    0.78, ,    0.70, ,    0.68, ,    0.71, ,    0.82, ,    0.86, ,    0.80, ,    0.73, ,    0.75, ,    0.73, ,    0.89, ,    0.81, 
