 Log file opened on 20241126T191004Z                                                                                                                                                                                                                                                
  -0.00000000      -0.00000000      -0.00000000      -0.00000000      -0.00000000      -0.00000000    
  -0.00000000      -0.00000000      -0.00000000      -0.00000000      -0.00000000      -0.00000000    
  -0.00000000      -0.00000000      -0.00000000      -0.00000000      -0.00000000      -0.00000000    
  -0.00000000      -0.00000000      -0.00000000      -0.00000000      -0.00000000      -0.00000000    
  -0.00000000      -0.00000000      -0.00000000      -0.00000000      -0.00000000      -0.00000000    
  -0.00000000      -0.00000000      -0.00000000      -0.00000000      -0.00000000      -0.00000000    
  -0.00000000      -0.00000000      -0.00000000      -0.00000000      -0.00000000      -0.00000000    
  -0.00000000      -0.00000000      -0.00000000      -0.00000000      -0.00000000      -0.00000000    
  -0.00000000      -0.00000000      -0.00000000      -0.00000000      -0.00000000      -0.00000000    
  -0.00000000      -0.00000000      -0.00000000      -0.00000000      -0.00000000      -0.00000000    
  -0.00000000      -0.00000000      -0.00000000      -0.00000000      -0.00000000      -0.00000000    
  -0.00000000      -0.00000000      -0.00000000      -0.00000000      -0.00000000      -0.00000000    
  -0.00000000      -0.00000000      -0.00000000      -0.00000000      -0.00000000      -0.00000000    
  -0.00000000      -0.00000000      -0.00000000      -0.00000000      -0.00000000      -0.00000000    
  -0.00000000      -0.00000000      -0.00000000      -0.00000000      -0.00000000      -0.00000000    
  -0.00000000      -0.00000000      -0.00000000      -0.00000000      -0.00000000      -0.00000000    
  -0.00000000      -0.00000000      -0.00000000      -0.00000000      -0.00000000      -0.00000000    
  -0.00000000      -0.00000000      -0.00000000      -0.00000000      -0.00000000      -0.00000000    
  -0.00000000      -0.00000000      -0.00000000      -0.00000000      -0.00000000      -0.00000000    
  -0.00000000      -0.00000000      -0.00000000      -0.00000000      -0.00000000      -0.00000000    
  -0.00000000      -0.00000000      -0.00000000      -0.00000000      -0.00000000      -0.00000000    
  -0.00000000      -0.00000000      -0.00000000      -0.00000000      -0.00000000      -0.00000000    
  -0.00000000      -0.00000000      -0.00000000      -0.00000000      -0.00000000      -0.00000000    
  -0.00000000      -0.00000000      -0.00000000      -0.00000000      -0.00000000      -0.00000000    
  -0.00000000      -0.00000000      -0.00000000      -0.00000000      -0.00000000      -0.00000000    
  -0.00000000      -0.00000000      -0.00000000      -0.00000000      -0.00000000      -0.00000000    
   8.28732227E-05  -0.00000000       2.68794865E-05   1.21606899E-04  -0.00000000       8.60579530E-05
   3.63005005E-04   4.23911581E-04   3.22552951E-04   1.50252820E-03   4.15342773E-04   4.41409007E-04
   5.22894668E-04   6.11901050E-04   1.32639694E-03   1.12701592E-03   1.21321762E-03   6.39253238E-04
   8.20480636E-04   5.80335560E-04   1.20586494E-03   1.27885235E-03   1.19376602E-03   6.39796956E-04
   8.11075908E-04   5.94312500E-04   1.07252703E-03   1.28219207E-03   9.64955601E-04   5.74784703E-04
   7.91171216E-04   5.91941469E-04   9.69607965E-04   1.16048346E-03   8.60772678E-04   4.29014763E-04
   5.62409754E-04   8.67427909E-04   7.65096920E-04   1.10893103E-03   9.21507250E-04   4.75816836E-04
   5.97380218E-04   7.21430755E-04   1.06871617E-03   6.97531097E-04   9.52992239E-04   7.01693352E-04
   6.20677602E-04   6.59512007E-04   8.86412279E-04   5.80650463E-04   8.62871122E-04   7.95858796E-04
   4.33980167E-04   5.59088541E-04   6.53947296E-04   7.86226592E-04   8.33567756E-04   8.52553116E-04
   3.46468820E-04   5.06535638E-04   5.55818144E-04   5.87578455E-04   9.12988908E-04   7.94554944E-04
   4.01283061E-04   4.44654666E-04   7.58952403E-04   5.98055951E-04   8.10041500E-04   7.26040395E-04
   3.86102503E-04   4.97150410E-04   7.09857501E-04   5.25603013E-04   7.22315046E-04   9.81047167E-04
   2.63612485E-04   4.50446794E-04   5.34689461E-04   5.67620911E-04   6.41621009E-04   9.04321612E-04
   2.75269354E-04   3.09230352E-04   5.20651753E-04   5.94449171E-04   6.29892747E-04   6.40453305E-04
   2.30939855E-04   3.66397231E-04   3.81713209E-04   4.78800415E-04   5.60907414E-04   5.15838328E-04
   1.90112667E-04   3.13876371E-04   4.54069290E-04   3.54995689E-04   4.65059129E-04   5.39788860E-04
   1.71447988E-04   2.67194730E-04   4.79727110E-04   3.25790170E-04   3.84415092E-04   6.30986004E-04
   1.53950605E-04   2.69520999E-04   2.88289040E-04   3.08264309E-04   3.77389661E-04   6.51411712E-04
   1.66777201E-04   2.40345456E-04   2.19420035E-04   3.22266191E-04   3.91395297E-04   6.52537914E-04
   1.83101918E-04   1.99505172E-04   1.82067888E-04   3.74797295E-04   4.79001988E-04   5.62454923E-04
   1.46945298E-04   2.08834506E-04   2.70762597E-04   3.01227439E-04   3.18929640E-04   4.86419594E-04
   1.17787720E-04   2.19329886E-04   2.33409592E-04   2.54517683E-04   3.06069065E-04   3.94027098E-04
   1.42276534E-04   2.19324982E-04   2.14731699E-04   2.14816697E-04   4.55584755E-04   4.01026307E-04
   1.24781698E-04   1.77322625E-04   2.00723065E-04   2.61510257E-04   4.04166698E-04   4.51282307E-04
   1.18949269E-04   1.87818587E-04   2.34561114E-04   2.21810813E-04   2.99024308E-04   5.62323316E-04
   1.03787810E-04   1.69150153E-04   2.47391872E-04   2.32312392E-04   3.81945196E-04   5.89178177E-04
   1.03786711E-04   1.34151254E-04   2.28715027E-04   2.03122618E-04   2.70971970E-04   4.78094065E-04
   1.01453348E-04   1.59812786E-04   1.87868674E-04   2.18293921E-04   2.47605465E-04   4.94435080E-04
   9.79539473E-05   1.71475156E-04   2.12369210E-04   1.99611939E-04   3.36361205E-04   5.30643505E-04
   8.27935801E-05   1.24813072E-04   2.68372853E-04   2.12448125E-04   3.04816902E-04   7.19953154E-04
   7.34641071E-05   1.13146860E-04   1.77354610E-04   3.12828925E-04   2.12547704E-04   4.41757002E-04
   7.46296428E-05   1.09646200E-04   1.30679982E-04   2.10102284E-04   1.90354534E-04   5.32889215E-04
   7.92933934E-05   1.41138749E-04   1.36512084E-04   1.87920799E-04   1.57652539E-04   3.55240190E-04
   6.41338484E-05   1.60965836E-04   1.80846837E-04   1.76245332E-04   1.71663341E-04   3.20171996E-04
   6.06352405E-05   1.35302413E-04   1.55175396E-04   1.76242160E-04   1.88008940E-04   2.46547745E-04
   9.91146808E-05   1.36466915E-04   1.27171807E-04   2.63774913E-04   1.95011744E-04   3.06132162E-04
   6.06342510E-05   1.00307625E-04   1.47004030E-04   3.27959104E-04   2.21865237E-04   2.12650048E-04
   4.78074799E-05   1.02639307E-04   9.10011368E-05   2.54422397E-04   2.05512624E-04   2.93263758E-04
   4.43091558E-05   1.10802641E-04   1.12000351E-04   2.11235150E-04   2.31196871E-04   3.04938469E-04
   6.06333087E-05   1.07302396E-04   1.30665590E-04   1.96059336E-04   2.61549896E-04   3.02592380E-04
   5.71348792E-05   1.22463360E-04   9.68312452E-05   1.44707577E-04   2.00827591E-04   2.55852065E-04
   7.22926925E-05   1.08466185E-04   1.42328863E-04   1.63377103E-04   2.11331688E-04   2.21966315E-04
   5.94661324E-05   6.53122552E-05   1.21327765E-04   1.54038702E-04   1.68127663E-04   2.46493873E-04
   4.89718113E-05   1.01466569E-04   1.08493674E-04   1.30697459E-04   1.49444255E-04   2.92046985E-04
   5.71334967E-05   1.04964332E-04   1.15491996E-04   1.62202719E-04   2.53350823E-04   1.92745283E-04
   4.78052971E-05   8.16380489E-05   1.43488360E-04   1.21358302E-04   2.60349218E-04   1.96245892E-04
   5.01370196E-05   6.53098978E-05   1.15488947E-04   1.00352736E-04   2.04304510E-04   1.71711727E-04
   5.82985631E-05   5.36470579E-05   1.04988707E-04   1.69197650E-04   1.54100751E-04   1.76381058E-04
   4.66385718E-05   8.04701485E-05   8.98227154E-05   1.40023229E-04   1.44759048E-04   2.28940844E-04
   5.01362265E-05   9.67966334E-05   9.79875185E-05   1.23685415E-04   1.89117898E-04   2.86169379E-04
   4.78040638E-05   5.48120079E-05   1.32981731E-04   8.75121696E-05   1.87946876E-04   2.06736746E-04
   4.43059907E-05   7.58034221E-05   1.17815551E-04   1.02680024E-04   1.48253384E-04   1.93884611E-04
   3.96420219E-05   6.76394557E-05   1.17814139E-04   1.47017592E-04   2.19458394E-04   2.02056472E-04
   3.96418618E-05   4.89799568E-05   1.28310887E-04   1.26013198E-04   1.80932388E-04   1.77525726E-04
   2.91483120E-05   7.34695641E-05   1.02647362E-04   1.41179626E-04   2.01940187E-04   1.77522525E-04
   3.84756568E-05   9.32939874E-05   8.39833228E-05   1.07341642E-04   1.62249169E-04   1.78687187E-04
   3.84755040E-05   6.18066770E-05   9.09811642E-05   1.07340464E-04   2.15939566E-04   1.63501638E-04
   4.19731114E-05   4.31477856E-05   6.18199556E-05   9.21717874E-05   1.80918360E-04   1.75177425E-04
   2.91478718E-05   7.11352259E-05   5.59875334E-05   1.09671724E-04   1.19053759E-04   1.71670792E-04
   3.73091643E-05   6.99685697E-05   6.88176224E-05   7.35025678E-05   1.35392824E-04   1.26123283E-04
   3.49772090E-05   8.51278164E-05   1.00309720E-04   1.01502788E-04   1.44728270E-04   1.36631788E-04
   4.31383996E-05   5.24755960E-05   9.91423149E-05   7.58346287E-05   1.08544591E-04   2.28884266E-04
   2.33179544E-05   4.66447273E-05   6.53166353E-05   9.45008869E-05   1.43557394E-04   1.50639709E-04
   2.56496878E-05   5.83056317E-05   6.64825566E-05   1.01499973E-04   8.40323628E-05   1.27282750E-04
   2.21519458E-05   5.24747556E-05   5.71512865E-05   8.51657605E-05   1.42386954E-04   1.59977164E-04
   2.33177852E-05   4.54778783E-05   9.79730612E-05   7.58318711E-05   2.15911525E-04   1.43626778E-04
   1.51565237E-05   3.73150106E-05   8.63087334E-05   4.43321369E-05   1.50551205E-04   1.92667256E-04
   2.56494623E-05   4.43114077E-05   6.29815040E-05   5.24983443E-05   8.28602424E-05   1.94998793E-04
   3.61423299E-05   5.36398766E-05   5.71495111E-05   6.88307991E-05   7.11891844E-05   2.12509432E-04
   2.33175469E-05   6.41342922E-05   6.06481080E-05   9.68290842E-05   1.19036791E-04   1.28436994E-04
   1.74881188E-05   4.43106728E-05   7.93085710E-05   9.79947290E-05   9.91961206E-05   1.28435306E-04
   3.03126835E-05   3.84801460E-05   9.56360382E-05   4.66636920E-05   8.40240973E-05   1.28433632E-04
   2.09856389E-05   2.79854503E-05   7.69745966E-05   1.13158916E-04   1.19033124E-04   1.26096813E-04
   2.56490584E-05   3.96459436E-05   4.78171751E-05   1.23656762E-04   1.07361906E-04   1.82137504E-04
   1.51562226E-05   4.08118358E-05   4.78169422E-05   8.51587756E-05   9.68580498E-05   1.48275838E-04
   2.68148142E-05   4.43098106E-05   4.54841902E-05   9.21573301E-05   9.10223316E-05   1.38933538E-04
   2.68147396E-05   4.78077345E-05   6.76428390E-05   7.81580093E-05   1.12026442E-04   1.58778945E-04
   1.98195357E-05   3.38150639E-05   5.83123910E-05   5.83264118E-05   1.03856662E-04   1.58776369E-04
   1.98194957E-05   3.03168490E-05   6.99744487E-05   5.24934549E-05   1.34195390E-04   1.08573258E-04
   1.51560553E-05   2.79846954E-05   5.24804636E-05   7.81565032E-05   1.01520338E-04   1.15576710E-04
   1.74877296E-05   4.19769240E-05   3.49867878E-05   1.07318527E-04   7.46808582E-05   1.02733640E-04
   1.86535435E-05   2.68184758E-05   5.71448873E-05   8.63204768E-05   1.02685393E-04   1.31917957E-04
   1.98193520E-05   3.73125622E-05   4.89810445E-05   5.48246862E-05   8.28475750E-05   1.06233383E-04
   1.39901031E-05   5.13045743E-05   6.53077368E-05   7.69874241E-05   1.01516598E-04   8.52192607E-05
   2.56484855E-05   5.13043087E-05   4.66480706E-05   8.39856220E-05   8.16791726E-05   1.17905081E-04
   2.68142558E-05   3.61460297E-05   5.13126324E-05   1.03814673E-04   7.11769753E-05   1.26075218E-04
   1.63216773E-05   2.33199316E-05   4.78137954E-05   8.28175689E-05   7.46769438E-05   1.30742977E-04
   1.63216500E-05   2.56518633E-05   5.01459290E-05   6.06546128E-05   7.46763690E-05   1.22569909E-04
   1.86532834E-05   2.68177864E-05   7.69677790E-05   5.24892421E-05   7.46758014E-05   8.63815221E-05
   1.86532470E-05   2.56517269E-05   4.66467718E-05   4.31575900E-05   6.18404229E-05   1.44746140E-04
   1.74873858E-05   3.14815843E-05   5.24773677E-05   3.84917366E-05   7.81751442E-05   1.28401953E-04
   2.33164737E-05   3.49794245E-05   6.41386650E-05   3.84915838E-05   4.43377903E-05   8.98801809E-05
   1.74873130E-05   3.14813697E-05   6.99689917E-05   4.31570625E-05   5.36718144E-05   1.36569928E-04
   1.51556451E-05   3.73111325E-05   6.18054983E-05   5.59872933E-05   5.36715233E-05   1.12055815E-04
   8.16071952E-06   2.56513067E-05   6.06389804E-05   5.48205790E-05   3.96700379E-05   1.03883896E-04
   6.99489601E-06   3.26470326E-05   4.89773338E-05   5.13211053E-05   5.01707291E-05   1.16722244E-04
   1.86530433E-05   2.91490396E-05   3.26513946E-05   6.88165819E-05   5.95045130E-05   1.17888063E-04
   2.44820731E-05   3.38127866E-05   2.68206986E-05   8.04798401E-05   5.95041529E-05   9.57099546E-05
   2.56478215E-05   2.33190822E-05   5.01429058E-05   6.29837086E-05   7.23379417E-05   9.22074687E-05
   1.98187190E-05   3.14806857E-05   3.03188135E-05   3.96561518E-05   4.90027596E-05   1.09714179E-04
   2.44818984E-05   3.14805839E-05   3.03187189E-05   5.13195191E-05   8.51710356E-05   8.87040951E-05
   1.63212262E-05   2.09869868E-05   2.68203221E-05   5.94836783E-05   7.93367144E-05   5.60231310E-05
   9.32639887E-06   2.79825908E-05   3.84812265E-05   5.48179596E-05   5.13351079E-05   7.11956600E-05
   1.39895847E-05   3.14803256E-05   3.03184243E-05   7.46453152E-05   5.95017482E-05   6.88608707E-05
   1.16579713E-05   2.91483557E-05   3.96470459E-05   1.02636528E-04   7.93351792E-05   7.46960141E-05
   1.51553440E-05   1.39911690E-05   3.14842946E-05   8.28081465E-05   6.53343304E-05   8.87008428E-05
   1.51553204E-05   1.86548659E-05   4.54771653E-05   7.11444300E-05   7.81673298E-05   1.14376373E-04
   9.32633702E-06   1.28251959E-05   4.54769543E-05   5.01506292E-05   1.03833394E-04   1.02704114E-04
   1.86526559E-05   2.68162821E-05   3.38160389E-05   6.29795395E-05   1.09665569E-04   9.57005614E-05
   6.99473230E-06   1.74888337E-05   3.26498593E-05   7.93070503E-05   8.86647904E-05   9.68666936E-05
   1.04920910E-05   2.33184019E-05   2.33212486E-05   5.13159139E-05   1.02663565E-04   6.76893105E-05
   1.86525867E-05   3.14797689E-05   3.49817892E-05   5.13156447E-05   7.69968683E-05   7.35240901E-05
   1.51551976E-05   4.43047174E-05   3.61477214E-05   5.48141506E-05   8.39959175E-05   8.05257732E-05
   1.39893918E-05   2.33181672E-05   4.19778407E-05   5.83126057E-05   1.13160204E-04   7.70240222E-05
   1.16578103E-05   1.86544894E-05   4.89739396E-05   4.89822960E-05   7.34949572E-05   6.88542714E-05
   9.32623698E-06   2.33180672E-05   2.91510096E-05   4.31508524E-05   1.13158058E-04   4.90145612E-05
   1.63208988E-05   1.98203088E-05   3.84792183E-05   5.13143023E-05   6.18279082E-05   5.36823427E-05
   2.09839782E-05   3.61428465E-05   4.78073271E-05   3.61530692E-05   6.18275226E-05   5.01810464E-05
   2.21497085E-05   2.68155600E-05   3.14827230E-05   4.08178312E-05   8.04919255E-05   7.58546812E-05
   1.39892563E-05   2.68154854E-05   2.68185267E-05   3.26541303E-05   7.69916442E-05   9.80268378E-05
   1.04919272E-05   2.91471897E-05   1.39922367E-05   4.43161734E-05   5.83265501E-05   6.41836014E-05
   6.99461089E-06   1.98200287E-05   2.56523981E-05   2.91552460E-05   6.88249202E-05   7.11849789E-05
   8.16037391E-06   1.39905806E-05   3.14824065E-05   4.19834250E-05   8.28226257E-05   7.81862109E-05
   9.32613420E-06   2.56493604E-05   2.44862367E-05   4.08170454E-05   9.33204792E-05   6.76830459E-05
   1.16576566E-05   2.56492931E-05   4.08102933E-05   5.24788411E-05   8.74871184E-05   4.90115235E-05
   1.28234060E-05   2.21516057E-05   4.43081371E-05   6.41404695E-05   5.01588329E-05   6.06806279E-05
   1.51549157E-05   1.74880697E-05   3.14819554E-05   3.84840241E-05   4.19932258E-05   7.93510990E-05
   1.04918481E-05   1.74880388E-05   2.33198916E-05   4.19824064E-05   5.94901503E-05   6.30136055E-05
   4.66303845E-06   3.38101490E-05   3.61457460E-05   3.49851907E-05   7.69867838E-05   7.23484845E-05
   6.99455450E-06   3.73076218E-05   3.49796246E-05   3.38188984E-05   6.29886999E-05   8.51838704E-05
   5.82879147E-06   1.98195976E-05   3.61454840E-05   7.92992068E-05   5.94889425E-05   9.68520617E-05
   1.04918181E-05   1.51561326E-05   4.66391612E-05   5.59754590E-05   6.29879141E-05   1.06186148E-04
   4.66302527E-06   1.98195266E-05   3.26472582E-05   5.48089920E-05   6.76532436E-05   9.91837878E-05
   6.99453449E-06   1.63219320E-05   1.28256652E-05   4.54795481E-05   3.84920968E-05   1.01516503E-04
   1.04917945E-05   1.16585024E-05   5.82984057E-06   2.91534216E-05   4.08247906E-05   1.14350740E-04
   9.32602961E-06   2.56486746E-05   1.74895104E-05   2.56549338E-05   3.26597001E-05   1.23684047E-04
   4.66301026E-06   1.74876877E-05   2.33193059E-05   2.33226074E-05   5.36550397E-05   1.19015225E-04
   6.99451220E-06   1.16584379E-05   2.09873251E-05   4.89773593E-05   6.29860078E-05   9.10105446E-05
   5.82875600E-06   2.09851623E-05   2.68170788E-05   4.54787514E-05   9.56448057E-05   1.23679842E-04
   9.32600415E-06   1.39900776E-05   2.44850926E-05   3.03190245E-05   6.53177703E-05   1.03843086E-04
   5.82874736E-06   2.21509272E-05   2.68169388E-05   3.61494967E-05   5.48198987E-05   9.68414024E-05
   4.66299480E-06   2.79800533E-05   2.33190149E-05   4.08137930E-05   5.94850935E-05   1.34176516E-04
   8.16023748E-06   1.74874840E-05   2.09870632E-05   3.14848003E-05   6.41502047E-05   1.31841211E-04
   6.99448310E-06   2.09849422E-05   1.51572913E-05   3.49829970E-05   6.29834249E-05   1.37673051E-04
   4.66298525E-06   3.03115194E-05   2.44848161E-05   4.43116369E-05   6.53157258E-05   1.26004074E-04
   5.82872917E-06   2.56481289E-05   2.56506955E-05   3.61488019E-05   5.83172223E-05   1.64503203E-04
   9.32596049E-06   1.04923893E-05   1.28253141E-05   3.26504123E-05   4.31544868E-05   1.69167120E-04
   6.99446400E-06   1.51556569E-05   2.09868504E-05   2.91520573E-05   5.24849565E-05   1.43497906E-04
   4.66297251E-06   1.74872694E-05   2.56505409E-05   4.19788339E-05   7.58112001E-05   1.20163160E-04
   4.66297070E-06   1.63214227E-05   2.91482665E-05   3.38161408E-05   6.88127111E-05   1.65659803E-04
   4.66296842E-06   1.74872093E-05   1.74889083E-05   2.68196036E-05   5.83154469E-05   2.02988158E-04
   8.16019110E-06   1.39897420E-05   2.44844268E-05   2.79855976E-05   5.01509858E-05   1.94817942E-04
   4.66296206E-06   1.16581023E-05   2.33184437E-05   3.84800878E-05   5.71485070E-05   1.73816152E-04
   6.99443990E-06   1.04922792E-05   1.74887919E-05   4.66423480E-05   7.11436442E-05   1.13153481E-04
   6.99443490E-06   1.63213062E-05   1.98205944E-05   4.08118576E-05   6.99768498E-05   1.08486100E-04
   5.82869188E-06   1.98186954E-05   2.91478755E-05   4.43098361E-05   6.41449878E-05   1.08484899E-04
   3.49721267E-06   1.74870493E-05   2.68159638E-05   3.84794184E-05   8.39710628E-05   7.81549243E-05
   2.33147443E-06   8.16060856E-06   2.44840758E-05   5.01396535E-05   6.99752927E-05   6.06570720E-05
   2.33147398E-06   9.32640160E-06   1.51567701E-05   4.66413003E-05   4.78161091E-05   9.21515239E-05
   3.49720995E-06   1.74869874E-05   2.21521695E-05   3.49808106E-05   5.83120418E-05   1.49307394E-04
   4.66294478E-06   1.28237680E-05   1.98203161E-05   3.14826175E-05   9.44649510E-05   1.24809740E-04
   4.66294296E-06   1.39895465E-05   1.74884790E-05   4.08106644E-05   1.08458706E-04   1.20142431E-04
   3.49720540E-06   8.16055763E-06   1.98202415E-05   4.43085410E-05   7.58036331E-05   1.25973049E-04
   6.99440807E-06   4.66317169E-06   2.33178835E-05   4.43083409E-05   6.76396448E-05   8.74801626E-05
   5.82866960E-06   1.74868856E-05   1.98201542E-05   3.26481022E-05   5.48110584E-05   6.64843319E-05
   3.49719949E-06   1.39894828E-05   1.28247793E-05   2.79839933E-05   5.71431265E-05   1.34134141E-04
   4.66293113E-06   1.86526177E-05   1.98200869E-05   3.73118855E-05   8.16325555E-05   1.29466833E-04
   5.82866141E-06   1.51552231E-05   1.86541638E-05   2.68178155E-05   6.06408248E-05   1.25966078E-04
   4.66292613E-06   2.33156916E-05   1.63223631E-05   2.56517542E-05   8.04652082E-05   1.49291198E-04
   3.49719289E-06   1.63209461E-05   8.16116790E-06   2.33197170E-05   6.41384177E-05   1.01469814E-04
   4.66292249E-06   1.63209188E-05   1.39905605E-05   1.86557281E-05   6.64702820E-05   9.33046176E-05
   4.66292022E-06   1.16577794E-05   1.39905405E-05   4.89711929E-05   6.53036986E-05   1.15463365E-04
   3.49718835E-06   8.16043666E-06   1.51563972E-05   4.08091219E-05   6.29710048E-05   7.93072322E-05
   4.66291613E-06   8.16042939E-06   1.86539983E-05   3.61450730E-05   6.76350901E-05   5.94799458E-05
   4.66291385E-06   8.16042302E-06   1.39904723E-05   4.31407352E-05   5.71395940E-05   8.51374425E-05
   6.99436760E-06   1.04919627E-05   1.28245811E-05   2.91490178E-05   4.19798635E-05   9.91317793E-05
   5.82863549E-06   9.32617968E-06   1.39904341E-05   2.91489323E-05   6.99661396E-05   1.28286891E-04
   3.49717902E-06   1.16577130E-05   1.28245465E-05   3.14807548E-05   7.69622056E-05   1.44612422E-04
   4.66290385E-06   1.28234688E-05   1.28245292E-05   3.03147008E-05   7.11311804E-05   1.23618462E-04
   2.33145079E-06   1.04919154E-05   2.09855662E-05   3.73102848E-05   3.96465985E-05   1.24783110E-04
   3.49717538E-06   1.39892054E-05   1.74879351E-05   3.49782604E-05   2.44875064E-05   1.07288783E-04
   3.49717402E-06   1.16576548E-05   2.91465058E-05   2.44846942E-05   4.78088223E-05   1.10786117E-04
   2.33144874E-06   1.28234051E-05   1.86537090E-05   3.03143079E-05   3.96461437E-05   8.27971089E-05
   3.49717197E-06   9.32610055E-06   1.51561098E-05   2.91482829E-05   4.54762776E-05   1.09617788E-04
   3.49717084E-06   4.66304573E-06   1.39902322E-05   2.56504136E-05   5.13063314E-05   1.23610167E-04
   3.49716947E-06   5.82880466E-06   1.74877659E-05   2.91481210E-05   5.48042044E-05   1.13113543E-04
   3.49716834E-06   6.99456086E-06   2.21511327E-05   3.84754057E-05   6.06341018E-05   1.00285077E-04
   3.49716697E-06   8.16031570E-06   1.63218501E-05   2.44842522E-05   3.26489317E-05   7.81282724E-05
   3.49716584E-06   6.99455040E-06   3.38094906E-05   2.79819324E-05   4.08110245E-05   7.92937353E-05
   3.49716447E-06   5.82878783E-06   2.91460110E-05   3.26454974E-05   9.44479834E-05   5.59715918E-05
   4.66288475E-06   1.86521102E-05   2.44825769E-05   3.61431084E-05   7.11268076E-05   4.89748672E-05
   3.49716174E-06   8.16028296E-06   2.09850132E-05   3.49770708E-05   5.94662451E-05   8.27904296E-05
   4.66288066E-06   1.28232905E-05   1.39899785E-05   2.21520659E-05   5.13038976E-05   9.56163130E-05
   3.49715879E-06   9.32601779E-06   1.51557888E-05   2.91473898E-05   3.61457387E-05   6.76303898E-05
   2.33143851E-06   9.32600869E-06   1.28241090E-05   4.19721146E-05   3.84775813E-05   9.91128181E-05
   3.49715674E-06   6.99449947E-06   1.39899184E-05   4.19719363E-05   5.24692223E-05   8.16214961E-05
   2.33143714E-06   9.32599323E-06   9.32659896E-06   3.03129364E-05   5.71328492E-05   8.16208194E-05
   2.33143646E-06   8.16023658E-06   9.32659077E-06   2.91469642E-05   4.89707272E-05   7.34581263E-05
   4.66287202E-06   9.32597686E-06   2.33164537E-05   2.68151252E-05   3.84768064E-05   6.06316498E-05
   3.49715219E-06   5.82872963E-06   2.09847585E-05   3.03126690E-05   4.08085762E-05   5.94652884E-05
   2.33143396E-06   3.49723564E-06   2.09847130E-05   3.38101818E-05   3.03148172E-05   6.06309077E-05
   2.33143351E-06   5.82872417E-06   1.63214099E-05   3.61417915E-05   2.91487722E-05   6.64603940E-05
   3.49714924E-06   1.04916971E-05   1.51555687E-05   2.56489184E-05   2.09870523E-05   9.09451846E-05
   2.33143214E-06   1.51546574E-05   1.63213572E-05   2.21512819E-05   3.49783477E-05   7.11231405E-05
   2.33143146E-06   9.32592866E-06   1.63213299E-05   1.86536690E-05   3.03144589E-05   6.29610149E-05
   4.66286201E-06   8.16018019E-06   1.51554950E-05   1.74877805E-05   4.08077976E-05   6.52924864E-05
   2.33142987E-06   4.66295614E-06   2.68135263E-05   2.56487001E-05   4.19735625E-05   6.29601927E-05
   3.49714378E-06   5.82869234E-06   1.63212335E-05   3.14778699E-05   3.03141096E-05   3.61435777E-05
   2.33142850E-06   9.32590228E-06   8.16060310E-06   3.84728264E-05   3.38117898E-05   3.73093644E-05
   3.49714173E-06   1.04916298E-05   4.66319761E-06   3.26434820E-05   2.79820706E-05   3.73092225E-05
   4.66285428E-06   6.99441216E-06   4.66319534E-06   2.68141994E-05   3.26456611E-05   6.17931582E-05
   4.66285201E-06   6.99440716E-06   1.28237816E-05   1.74874731E-05   3.26455520E-05   5.01337599E-05
   3.49713719E-06   8.16013653E-06   1.86527486E-05   2.68140775E-05   3.61431667E-05   3.61427592E-05
   2.33142396E-06   1.04915944E-05   1.86527122E-05   2.09848731E-05   5.01338836E-05   4.89674276E-05
   3.49713514E-06   6.99438897E-06   1.98184698E-05   2.33164774E-05   4.31382359E-05   4.31377557E-05
   3.49713378E-06   3.49719198E-06   1.28236898E-05   3.38088103E-05   2.91473316E-05   3.61422863E-05
   4.66284337E-06   5.82865141E-06   1.04920955E-05   3.26428781E-05   2.56495750E-05   4.08056549E-05
   5.82855182E-06   6.99437715E-06   1.04920846E-05   2.09846348E-05   2.09859609E-05   4.31372282E-05
   2.33141941E-06   5.82864413E-06   1.28236461E-05   2.33162132E-06   3.26447589E-05   3.38101127E-05
   3.49712809E-06   2.33145624E-06   9.32627609E-06   4.66324127E-06   3.84740524E-05   2.68148233E-05
   2.33141782E-06   3.49718334E-06   1.74867509E-05   1.04922883E-05   2.33175160E-05   3.03123270E-05
   2.33141736E-06   4.66290930E-06   1.98182806E-05   1.39897020E-05   1.39904751E-05   2.79805226E-05
   2.33141691E-06   2.33145374E-06   1.16577894E-05   2.09845239E-05   2.09856826E-05   3.14780009E-05
   3.49712423E-06   5.82863277E-06   1.74866636E-05   1.28238480E-05   2.21515093E-05   3.84729865E-05
   2.33141532E-06   4.66290339E-06   2.33155097E-05   1.28238316E-05   3.49759866E-05   2.33168703E-05
   4.66282972E-06   5.82862685E-06   1.28234997E-05   8.16060947E-06   3.96393079E-05   3.14776989E-05
   4.66282745E-06   8.16007287E-06   9.32616967E-06   1.16580043E-06   2.68147178E-05   2.44825769E-05
   2.33141259E-06   4.66289475E-06   1.04919300E-05   1.39896028E-05   1.28243955E-05   3.49750226E-05
   1.16570607E-06   5.82861549E-06   1.63207642E-05   2.68133663E-05   1.39902313E-05   3.49748989E-05
   2.33141191E-06   4.66288975E-06   1.28234351E-05   1.74869310E-05   1.74877641E-05   3.14772951E-05
   2.33141122E-06   4.66288748E-06   1.04918881E-05   1.04921392E-05   2.44828261E-05   1.98189737E-05
   2.33141077E-06   4.66288520E-06   1.39891690E-05   1.39895046E-05   2.56486110E-05   2.56480325E-05
   3.49711513E-06   4.66288293E-06   9.32609964E-06   1.39894846E-05   2.56485437E-05   2.79795968E-05
   3.49711377E-06   4.66288066E-06   6.99456768E-06   1.16578876E-05   1.28242382E-05   2.79795167E-05
   2.33140850E-06   5.82859820E-06   4.66304209E-06   1.04920855E-05   2.09850896E-05   2.91452488E-05
   2.33140804E-06   5.82859457E-06   9.32607963E-06   9.32628882E-06   2.91458964E-05   2.21503233E-05
   3.49711104E-06   6.99430939E-06   1.04918290E-05   1.04920646E-05   2.09849823E-05   2.09844693E-05
   2.33140645E-06   6.99430439E-06   8.16030297E-06   1.16578376E-05   1.63216191E-05   2.09844238E-05
   2.33140599E-06   4.66286610E-06   1.28233223E-05   1.04920409E-05   1.98190755E-05   1.86527814E-05
   3.49710808E-06   3.49714787E-06   9.32604053E-06   8.16046850E-06   3.26431182E-05   1.74869492E-05
   3.49710672E-06   4.66286247E-06   1.04917854E-05   6.99468092E-06   1.39898602E-05   1.98185080E-05
   2.33140372E-06   8.16000556E-06   8.16026932E-06   5.82889697E-06   1.74873021E-05   2.21500522E-05
   3.49710467E-06   3.49714219E-06   1.04917654E-05   8.16045122E-06   1.39898157E-05   1.98184225E-05
   2.33140236E-06   5.82856865E-06   4.66300207E-06   9.32622152E-06   8.16071497E-06   1.86525958E-05
   2.33140190E-06   3.49713878E-06   8.16025022E-06   6.99465909E-06   1.16581541E-05   1.63209916E-05
   2.33140122E-06   3.49713764E-06   9.32599232E-06   5.82887878E-06   1.63213954E-05   1.28236134E-05
   1.16570038E-06   3.49713628E-06   8.16023567E-06   9.32620060E-06   1.74871802E-05   1.28235970E-05
   2.33140054E-06   2.33142350E-06   1.16574693E-05   1.16577394E-05   1.63213408E-05   1.63209206E-05
   3.49709967E-06   3.49713423E-06   9.32596413E-06   4.66309029E-06   1.51555041E-05   1.74866709E-05
   3.49709853E-06   4.66284428E-06   1.04916999E-05   5.82886014E-06   2.09845111E-05   2.56470721E-05
   2.33139826E-06   3.49713127E-06   8.16020292E-06   8.16039937E-06   2.21502705E-05   1.86523666E-05
   2.33139758E-06   3.49713014E-06   9.32593775E-06   6.99462180E-06   1.74870165E-05   1.39892481E-05
   1.16569856E-06   4.66283882E-06   1.28231522E-05   1.04919254E-05   1.51553868E-05   1.16576912E-05
   2.33139690E-06   4.66283655E-06   1.16573956E-05   1.04919136E-05   1.39895656E-05   8.16037391E-06
   2.33139622E-06   4.66283427E-06   1.16573819E-05   1.04919027E-05   1.98185244E-05   8.16036754E-06
   2.33139576E-06   3.49712377E-06   1.39888416E-05   8.16036027E-06   2.91448305E-05   1.04918918E-05
   2.33139531E-06   3.49712263E-06   1.16573519E-05   5.82882421E-06   1.74868455E-05   9.32611601E-06
   3.49709194E-06   3.49712127E-06   9.32587045E-06   9.32611238E-06   1.63210279E-05   1.04918699E-05
   1.16569686E-06   4.66282700E-06   1.04915935E-05   8.16034117E-06   2.09841419E-05   1.04918590E-05
   2.33139349E-06   4.66282472E-06   1.04915825E-05   6.99457178E-06   1.74867491E-05   1.39891308E-05
   2.33139303E-06   6.99423344E-06   9.32584135E-06   8.16032843E-06   1.04920300E-05   1.51548702E-05
   1.16569618E-06   3.49711422E-06   4.66291613E-06   9.32608145E-06   1.28235788E-05   5.82878738E-06
   2.33139212E-06   2.33140872E-06   6.99437078E-06   6.99455450E-06   1.28235615E-05   8.16029751E-06
   2.33139167E-06   4.66281654E-06   8.16009378E-06   5.82879147E-06   9.32621424E-06   1.39890690E-05
   2.33139099E-06   3.49711058E-06   8.16008742E-06   5.82878783E-06   6.99465409E-06   1.39890490E-05
   3.49708557E-06   4.66281244E-06   8.16008014E-06   4.66302754E-06   9.32619878E-06   1.28232768E-05
   1.16569481E-06   4.66281017E-06   8.16007378E-06   5.82878192E-06   9.32619059E-06   8.16025658E-06
   2.33138940E-06   2.33140418E-06   8.16006650E-06   5.82877828E-06   1.04919536E-05   6.99449947E-06
   2.33138871E-06   3.49710513E-06   5.82861412E-06   8.16028478E-06   1.28234860E-05   9.32599323E-06
   1.16569413E-06   2.33140258E-06   4.66288839E-06   6.99452357E-06   1.28234688E-05   8.16023658E-06
   2.33138803E-06   2.33140213E-06   4.66288611E-06   5.82876601E-06   1.04919154E-05   9.32597686E-06
   1.16569367E-06   1.16570084E-06   6.99432576E-06   8.16026750E-06   1.28234387E-05   1.04917135E-05
   2.33138712E-06   2.33140122E-06   3.49716038E-06   5.82875737E-06   1.39891872E-05   1.04917017E-05
   2.33138667E-06   1.16570038E-06   5.82859911E-06   6.99450447E-06   1.04918754E-05   1.16574347E-05
   2.33138599E-06   2.33140054E-06   3.49715719E-06   3.49724974E-06   8.16033935E-06   1.51546474E-05
   2.33138553E-06   1.16569993E-06   2.33143737E-06   2.33149899E-06   9.32609419E-06   1.16574029E-05
   2.33138485E-06   2.33139963E-06   3.49715492E-06   4.66299707E-06   1.04918454E-05   8.16017291E-06
   1.16569220E-06   2.33139917E-06   4.66287202E-06   6.99449220E-06   1.39891117E-05   9.32590319E-06
   2.33138417E-06   2.33139849E-06   5.82858729E-06   4.66299161E-06   1.63206096E-05   8.16015836E-06
   2.33138348E-06   2.33139804E-06   6.99429984E-06   6.99448356E-06   1.16575584E-05   5.82867915E-06
   2.33138303E-06   3.49709603E-06   4.66286338E-06   5.82873281E-06   8.16028114E-06   9.32588136E-06
   2.33138235E-06  -0.00000000       3.49714583E-06   5.82872917E-06   9.32602779E-06   6.99440398E-06
   2.33138189E-06   2.33139667E-06   2.33142987E-06   5.82872553E-06   1.04917708E-05   8.16013289E-06
   2.33138144E-06   1.16569800E-06   3.49714378E-06   5.82872235E-06   8.16025749E-06   1.04915898E-05
   2.33138076E-06   2.33139576E-06   5.82857137E-06   3.49723109E-06   8.16025113E-06   1.04915789E-05
   2.33138030E-06   2.33139531E-06   2.33142714E-06   4.66297342E-06   5.82874554E-06   9.32583771E-06
   2.33137962E-06   2.33139463E-06   4.66285292E-06   4.66297115E-06   9.32598778E-06   1.04915571E-05
   1.16568958E-06   1.16569709E-06   5.82856364E-06   5.82871098E-06   9.32597868E-06   9.32581861E-06
   1.16568947E-06   2.33139372E-06   4.66284791E-06   8.16019110E-06   4.66298479E-06   8.16008469E-06
   2.33137848E-06   2.33139326E-06   5.82855728E-06   4.66296206E-06   9.32596504E-06   8.16007741E-06
   2.33137803E-06   2.33139281E-06   3.49713218E-06   5.82870007E-06   1.16574456E-05   8.16007105E-06
   1.16568879E-06   2.33139212E-06   3.49713082E-06   9.32591411E-06   1.16574320E-05   6.99433986E-06
   1.16568856E-06   2.33139167E-06   3.49712968E-06   6.99442899E-06   9.32593412E-06   6.99433485E-06
   1.16568845E-06   2.33139099E-06   3.49712832E-06   4.66294932E-06   1.16574074E-05   5.82860866E-06
   1.16568833E-06   2.33139053E-06   5.82854545E-06   3.49721040E-06   8.16017564E-06   3.49716288E-06
   1.16568822E-06   2.33138985E-06   4.66283382E-06   3.49720904E-06   1.16573838E-05   6.99432348E-06
   1.16568799E-06   2.33138940E-06   4.66283154E-06   5.82868006E-06   8.16015927E-06   8.16003831E-06
   2.33137575E-06   4.66277743E-06   4.66282927E-06   4.66294114E-06   5.82868006E-06   8.16003194E-06
   1.16568765E-06   6.99416296E-06   3.49712013E-06   4.66293886E-06   6.99441125E-06   5.82858911E-06
   2.33137507E-06   2.33138599E-06   3.49711877E-06   3.49720244E-06   5.82867233E-06   4.66286838E-06
   1.16568719E-06   1.16569277E-06   3.49711763E-06   3.49720108E-06   6.99440216E-06   4.66286610E-06
   1.16568708E-06   3.49707761E-06   3.49711627E-06   4.66293341E-06   6.99439715E-06   5.82858002E-06
   2.33137393E-06   2.33138439E-06   2.33141009E-06   3.49719835E-06   9.32585681E-06   6.99429165E-06
   2.33137325E-06   2.33138394E-06   3.49711422E-06   3.49719699E-06   5.82865505E-06   9.32571584E-06
   2.33137280E-06   2.33138326E-06   2.33140872E-06   3.49719585E-06   8.16011197E-06   8.15999374E-06
   3.49705829E-06   3.49707398E-06   6.99422435E-06   6.99438897E-06   9.32583498E-06   5.82856228E-06
   2.33137143E-06   5.82845496E-06   4.66281290E-06   6.99438397E-06   6.99436896E-06   4.66284700E-06
   1.16568538E-06   1.16569026E-06   5.82851362E-06   4.66291931E-06   5.82863686E-06   4.66284473E-06
   2.33137052E-06   3.49707034E-06   3.49710604E-06   4.66291749E-06   6.99435986E-06   5.82855318E-06
   1.16568503E-06   1.16568970E-06   2.33140327E-06   3.49718630E-06   9.32580679E-06   4.66283973E-06
   1.16568481E-06   2.33137916E-06   3.49710399E-06   3.49718493E-06   9.32579769E-06   4.66283745E-06
   1.16568469E-06   2.33137848E-06   3.49710263E-06   2.33145579E-06   6.99434167E-06   4.66283518E-06
   2.33136916E-06   2.33137803E-06   2.33140099E-06   5.82863822E-06   4.66289112E-06   5.82854136E-06
   1.16568435E-06   1.16568879E-06   2.33140054E-06   3.49718084E-06   8.16005650E-06   4.66283018E-06
   1.16568413E-06   2.33137712E-06   4.66279971E-06   4.66290612E-06   8.16004922E-06   3.49712104E-06
   1.16568401E-06   1.16568833E-06   4.66279744E-06   5.82863004E-06   8.16004285E-06   3.49711968E-06
   1.16568390E-06   2.33137644E-06   5.82849452E-06   4.66290112E-06   5.82859684E-06   3.49711854E-06
   1.16568378E-06   1.16568788E-06   4.66279243E-06   3.49717402E-06   5.82859320E-06   5.82852908E-06
   2.33136711E-06   2.33137553E-06   3.49709262E-06   3.49717288E-06   4.66287202E-06   3.49711513E-06
   2.33136666E-06   1.16568754E-06   2.33139440E-06   3.49717175E-06   3.49715219E-06   5.82852363E-06
   1.16568310E-06   1.16568731E-06   2.33139372E-06   3.49717038E-06   5.82858502E-06   3.49711172E-06
   1.16568287E-06   2.33137439E-06   2.33139326E-06   2.33144624E-06   4.66286519E-06   5.82851771E-06
   2.33136552E-06   1.16568697E-06   2.33139281E-06   4.66289112E-06   3.49714719E-06   4.66281153E-06
   1.16568253E-06   2.33137348E-06   2.33139212E-06   4.66288884E-06   6.99429165E-06   3.49710672E-06
   2.33136461E-06   2.33137303E-06   2.33139167E-06   3.49716493E-06   5.82857274E-06   3.49710558E-06
   2.33136416E-06   1.16568629E-06   2.33139099E-06   4.66288520E-06   5.82856910E-06   3.49710422E-06
   1.16568185E-06   2.33137212E-06   2.33139053E-06   3.49716197E-06   5.82856546E-06   3.49710308E-06
   2.33136325E-06   1.16568583E-06   3.49708489E-06   3.49716083E-06   2.33142487E-06   2.33140122E-06
   1.16568140E-06   2.33137143E-06   2.33138917E-06   3.49715970E-06   3.49713628E-06   3.49710103E-06
   1.16568128E-06   2.33137075E-06   3.49708262E-06   3.49715833E-06   5.82855864E-06   3.49709967E-06
   1.16568117E-06   1.16568515E-06   3.49708148E-06   4.66287611E-06   6.99426619E-06   3.49709853E-06
   2.33136188E-06   2.33137007E-06   3.49708012E-06   3.49715538E-06   6.99426118E-06   4.66279653E-06
   1.16568071E-06   2.33136939E-06   2.33138599E-06   2.33143624E-06   5.82854682E-06   4.66279425E-06
   1.16568060E-06   2.33136893E-06   3.49707807E-06   4.66287111E-06   4.66283473E-06   4.66279198E-06
   1.16568037E-06   2.33136825E-06   2.33138462E-06   5.82858638E-06   5.82854091E-06   3.49709217E-06
   2.33136052E-06   2.33136780E-06   3.49707602E-06   4.66286610E-06   5.82853727E-06   2.33139417E-06
   1.16568003E-06   2.33136711E-06   2.33138326E-06   4.66286428E-06   3.49712013E-06   3.49709012E-06
   1.16567992E-06   2.33136666E-06   1.16569140E-06   6.99429256E-06   2.33141259E-06   3.49708898E-06
   1.16567969E-06   2.33136620E-06   3.49707352E-06   3.49714378E-06   3.49711809E-06   4.66278379E-06
   2.33135916E-06   1.16568276E-06   2.33138167E-06   4.66285701E-06   3.49711672E-06   3.49708603E-06
   1.16567935E-06   2.33136529E-06   4.66276197E-06   4.66285474E-06   2.33141054E-06   2.33138985E-06
   1.16567912E-06   1.16568231E-06   2.33138007E-06   5.82856546E-06   3.49711468E-06   3.49708398E-06
   1.16567901E-06   1.16568219E-06   2.33137939E-06   5.82856228E-06   3.49711354E-06   4.66277697E-06
   2.33135779E-06   1.16568208E-06   3.49706806E-06   2.33142350E-06   3.49711217E-06   3.49708102E-06
   1.16567867E-06   2.33136393E-06   2.33137803E-06   2.33142282E-06   2.33140736E-06   2.33138667E-06
  -0.00000000       1.16568162E-06   1.16568879E-06  -0.00000000       3.49711013E-06   3.49707898E-06
   1.16567844E-06   1.16568151E-06   2.33137712E-06   1.16571118E-05   4.66281199E-06   3.49707761E-06
   2.33135665E-06   1.16568140E-06   1.16568833E-06   8.15996918E-06   4.66280972E-06   2.33138439E-06
   1.16567810E-06   1.16568128E-06   2.33137644E-06   4.66283518E-06   3.49710558E-06   1.16569197E-06
   1.16567799E-06   2.33136234E-06   2.33137575E-06   8.15995827E-06   4.66280608E-06   3.49707534E-06
   1.16567776E-06   1.16568083E-06   2.33137530E-06   4.66282927E-06   4.66280380E-06   3.49707398E-06
   2.33135529E-06   1.16568071E-06   2.33137462E-06   4.66282700E-06   5.82850180E-06   3.49707284E-06
  -0.00000000       2.33136120E-06   1.16568708E-06   4.66282472E-06   5.82849862E-06   3.49707148E-06
   1.16567742E-06   1.16568026E-06   2.33137393E-06   8.15994008E-06   3.49709694E-06   3.49707034E-06
   2.33135438E-06   2.33136029E-06   2.33137325E-06   1.28227512E-05   3.49709558E-06   2.33137939E-06
   1.16567696E-06   1.16567992E-06   2.33137280E-06   5.82851590E-06   2.33139622E-06   3.49706806E-06
   1.16567685E-06   1.16567969E-06   1.16568606E-06   4.66280972E-06   2.33139576E-06   2.33137803E-06
   1.16567674E-06   1.16567958E-06   2.33137189E-06   3.49710558E-06   3.49709262E-06   3.49706602E-06
   1.16567651E-06   1.16567946E-06   2.33137143E-06   4.66280608E-06   4.66278880E-06   2.33137666E-06
   1.16567639E-06   2.33135870E-06   2.33137075E-06   9.32560761E-06   3.49708966E-06   3.49706397E-06
   1.16567628E-06   1.16567901E-06   2.33137030E-06   5.82849907E-06   2.33139235E-06   4.66275060E-06
   1.16567617E-06   1.16567890E-06   1.16568481E-06   1.04912915E-05   4.66278379E-06   4.66274832E-06
   1.16567594E-06   1.16567878E-06   3.49705397E-06   8.15988551E-06   3.49708603E-06   3.49705942E-06
   1.16567583E-06   2.33135734E-06   2.33136871E-06   4.66278743E-06   3.49708489E-06   3.49705829E-06
   1.16567571E-06   2.33135665E-06   2.33136802E-06   5.82848179E-06   4.66277834E-06   2.33137143E-06
   2.33135120E-06   1.16567810E-06   1.16568378E-06   6.99417387E-06   2.33138803E-06   3.49705601E-06
   1.16567526E-06   2.33135597E-06   2.33136711E-06   5.82847406E-06   3.49708102E-06   3.49705488E-06
   2.33135029E-06   1.16567765E-06   2.33136666E-06   1.16569413E-06   3.49707989E-06   3.49705351E-06
   1.16567492E-06   2.33135506E-06   2.33136620E-06   2.33138803E-06   3.49707852E-06   4.66273650E-06
   1.16567469E-06   1.16567719E-06   2.33136552E-06   2.33138735E-06   2.33138485E-06   2.33136711E-06
  -0.00000000       2.33135415E-06   1.16568253E-06   4.66277379E-06   1.16569220E-06   2.33136666E-06
   2.33134915E-06   1.16567685E-06   1.16568231E-06   2.33138576E-06   2.33138417E-06   3.49704897E-06
   0.00000000       0.00000000       0.00000000       0.00000000       0.00000000       0.00000000    
   0.00000000       0.00000000       0.00000000       0.00000000       0.00000000       0.00000000       0.00000000       0.00000000       0.00000000       0.00000000       0.00000000       0.00000000       0.00000000       0.00000000       0.00000000       0.00000000       0.00000000       0.00000000       0.00000000       0.00000000       0.00000000       0.00000000       0.00000000       0.00000000       0.00000000       0.00000000       7.93543950E-05   5.78124949E-04   9.06779896E-04   9.53182753E-04   8.83308006E-04   8.00498528E-04   7.83531636E-04   7.89957296E-04   7.34330388E-04   6.86560583E-04   6.17324142E-04   6.23171392E-04   6.37012592E-04   5.60385350E-04   4.94991138E-04   4.22432757E-04   3.86317028E-04   3.76593525E-04   3.41471052E-04   3.32123687E-04   3.30154871E-04   2.88853189E-04   2.54190178E-04   2.74626858E-04   2.69964454E-04   2.70747900E-04   2.87294242E-04   2.36473614E-04   2.34911553E-04   2.58069165E-04   2.85532937E-04   2.21849870E-04   2.08050318E-04   1.76292961E-04   1.79004550E-04   1.60318639E-04   1.87945363E-04   1.78403381E-04   1.65774443E-04   1.69080449E-04   1.76467162E-04   1.46302787E-04   1.53293804E-04   1.35794398E-04   1.38520132E-04   1.47648112E-04   1.41814191E-04   1.17884141E-04   1.19435637E-04   1.21775760E-04   1.40648845E-04   1.19632263E-04   1.13790498E-04   1.32271336E-04   1.16900679E-04   1.20984601E-04   1.10671826E-04   1.13007503E-04   9.92014029E-05   9.27778237E-05   8.51856676E-05   1.00546262E-04   1.01336635E-04   8.73295576E-05   7.72088242E-05   8.65513066E-05   1.00356476E-04   8.77218044E-05   7.72166240E-05   8.32435253E-05   8.20671339E-05   7.77889218E-05   7.05917118E-05   8.07057586E-05   8.77113998E-05   7.23462799E-05   7.31203399E-05   8.18714543E-05   7.21510733E-05   6.92288231E-05   6.51457885E-05   6.31974108E-05   7.05901184E-05   5.83364344E-05   6.57209530E-05   6.78617871E-05   6.92232934E-05   6.26154870E-05   5.83367218E-05   5.59975633E-05   5.67826501E-05   5.77525243E-05   4.91906831E-05   5.87227514E-05   5.59978180E-05   4.88042533E-05   5.11388898E-05   5.44437680E-05   5.34682476E-05   5.44398208E-05   4.66652164E-05   5.19126443E-05   4.31620101E-05   4.21898258E-05   4.64660443E-05   5.61868474E-05   4.95790191E-05   5.71625824E-05   5.40527690E-05   5.79384396E-05   5.36619918E-05   4.64667537E-05   4.78251204E-05   5.24905809E-05   5.46303672E-05   4.51029628E-05   4.45197984E-05   4.02408295E-05   4.21826298E-05   4.62687349E-05   4.58826435E-05   3.67429457E-05   3.69386980E-05   4.27709347E-05   4.35470538E-05   4.45157893E-05   4.23771817E-05   3.73255498E-05   3.59643236E-05   4.31565677E-05   4.35455477E-05   4.95723471E-05   4.95727727E-05   4.64626391E-05   3.69383815E-05   3.53848482E-05   3.90771493E-05   4.02438127E-05   4.04356979E-05   5.30723955E-05   4.12135087E-05   4.04345665E-05   4.84062439E-05   4.56851667E-05   4.64626974E-05   4.91817918E-05   5.26827935E-05   4.62692806E-05   4.47119819E-05   4.76256646E-05   5.30702200E-05   5.46270494E-05   5.32648119E-05   5.15140418E-05   4.43191675E-05   4.37351882E-05   4.52891654E-05   4.14009410E-05   3.59580299E-05   3.55705961E-05   4.76227688E-05   4.80107228E-05   5.09254642E-05   4.62605385E-05   3.90672685E-05   3.28465358E-05   4.15954564E-05   4.85911551E-05   4.21771256E-05   4.99515263E-05   3.61512102E-05   3.55675038E-05   4.33415844E-05   3.49835645E-05   3.24562425E-05   3.53719333E-05   3.34285978E-05   4.27578670E-05   4.68391372E-05   4.25625367E-05   3.92581533E-05   3.36214762E-05   3.78968289E-05   3.10943542E-05   3.53702890E-05   3.71195601E-05   3.73132680E-05   3.86729080E-05   2.72067991E-05   3.20646504E-05   3.69228401E-05   3.40070583E-05   3.49793663E-05   3.34247379E-05   2.68170788E-05   3.40073457E-05   3.34240358E-05   3.16751066E-05   2.85656806E-05   2.72048146E-05   2.68161966E-05   2.52615482E-05   2.60387551E-05   2.77875952E-05   2.70100354E-05   2.33179726E-05   2.52611007E-05   2.73983951E-05   2.05971064E-05   2.15686523E-05   1.94311233E-05   2.29289144E-05   2.07913035E-05   2.15683394E-05   2.52603204E-05   2.33170776E-05   1.98194084E-05   2.00136146E-05   1.80704737E-05   1.49616999E-05   1.41844966E-05   1.45729136E-05   1.37955512E-05   1.49614789E-05   1.67101261E-05   1.69044197E-05   1.70987623E-05   1.24353610E-05   1.32125424E-05   1.65155961E-05   1.43782881E-05   1.20466875E-05   1.43782700E-05   1.41839528E-05   1.12693670E-05   1.22409110E-05   1.30180988E-05   1.22407946E-05   1.10749825E-05   1.14635814E-05   1.24351391E-05   9.90913395E-06   1.06863217E-05   9.90911667E-06   8.16041666E-06   8.16043303E-06   8.35473656E-06   8.74334273E-06   1.01033829E-05   8.93757806E-06   1.18520147E-05   1.04919609E-05   8.93755896E-06   9.32611601E-06   8.54891277E-06   9.52040045E-06   1.12690750E-05   8.35460924E-06   8.74318266E-06   9.32607600E-06   9.32604144E-06   8.74311627E-06   6.21736217E-06   6.60593059E-06   7.38306289E-06   6.80018047E-06   7.18874662E-06   6.21730078E-06   6.02301543E-06   6.99447855E-06   6.02303589E-06   5.82872235E-06   6.80019002E-06   6.41159932E-06   6.41158340E-06   5.82869689E-06   4.85725332E-06   5.24582583E-06   6.41157885E-06   6.60585465E-06   6.02296677E-06   5.63437288E-06   5.59553791E-06   5.24580582E-06   5.24579855E-06   5.44006798E-06   4.46862623E-06   5.63435742E-06   5.44007662E-06   4.85719875E-06   5.44005525E-06   5.63435287E-06   5.82864959E-06   5.05148455E-06   4.85719602E-06   4.08002916E-06   5.05147136E-06   5.05146454E-06   5.05143953E-06   4.85715145E-06   3.69143731E-06   3.49716106E-06   4.27429904E-06   4.46858576E-06   4.46857302E-06   4.46857803E-06   6.02285718E-06   5.24570669E-06   3.88571470E-06   4.46856302E-06   3.69143504E-06   4.07999823E-06   3.49713287E-06   3.88570334E-06   3.49714014E-06   4.07999005E-06   4.07999369E-06   3.88569515E-06   3.69141003E-06   3.30283251E-06   3.10854944E-06   2.91427205E-06   3.10854671E-06   3.10854921E-06   3.49712263E-06   3.30282887E-06   3.30283342E-06   3.10854580E-06   2.52568680E-06   2.71997328E-06   3.30282546E-06   3.49711445E-06   3.88567059E-06   3.10853557E-06   3.49710444E-06   3.49710876E-06   3.49710058E-06   2.91425090E-06   2.91425545E-06   3.10852738E-06   2.91424726E-06   2.91424362E-06   2.91425090E-06   3.10853216E-06   2.71995418E-06   2.13710632E-06   2.33138985E-06   4.07995640E-06   3.30281478E-06   2.33139485E-06   3.69137592E-06   2.91424021E-06   3.30280204E-06   3.49708853E-06   3.30280659E-06   4.27421901E-06   2.71995145E-06   2.13710427E-06   2.52566542E-06   2.71994963E-06   3.69136092E-06   2.91422816E-06   3.88564376E-06   3.49707329E-06   2.91422202E-06   3.10850533E-06   2.91422180E-06   3.10850123E-06   2.33137030E-06   2.71993304E-06   1.94280938E-06   2.33137371E-06   2.13708790E-06   0.00000000     Nsqdepth
   7.41720723E-05 Nsqtotalmean
 Log file closed on 20241126T191004Z                                                                                                                                                                                                                                                
